{
 "cells": [
  {
   "cell_type": "code",
   "execution_count": 77,
   "metadata": {
    "collapsed": true
   },
   "outputs": [],
   "source": [
    "import pandas as pd\n",
    "import numpy as np\n",
    "import matplotlib.pyplot as plt\n",
    "import re"
   ]
  },
  {
   "cell_type": "code",
   "execution_count": 2,
   "metadata": {
    "collapsed": true
   },
   "outputs": [],
   "source": [
    "data=pd.read_csv('titanic.csv', index_col='PassengerId')"
   ]
  },
  {
   "cell_type": "code",
   "execution_count": 9,
   "metadata": {
    "collapsed": false
   },
   "outputs": [
    {
     "data": {
      "text/plain": [
       "Sex\n",
       "female    314\n",
       "male      577\n",
       "dtype: int64"
      ]
     },
     "execution_count": 9,
     "metadata": {},
     "output_type": "execute_result"
    }
   ],
   "source": [
    "sex_count=data.groupby('Sex').size()\n",
    "sex_count"
   ]
  },
  {
   "cell_type": "code",
   "execution_count": 56,
   "metadata": {
    "collapsed": false
   },
   "outputs": [
    {
     "name": "stdout",
     "output_type": "stream",
     "text": [
      "Percentage of survived pas:  38.38\n"
     ]
    }
   ],
   "source": [
    "sur_count=data.groupby('Survived').size()\n",
    "per_of_survived=sur_count[1]/sur_count.sum()\n",
    "print(\"Percentage of survived pas: \",round(per_of_survived*100,2))"
   ]
  },
  {
   "cell_type": "code",
   "execution_count": 57,
   "metadata": {
    "collapsed": false
   },
   "outputs": [
    {
     "name": "stdout",
     "output_type": "stream",
     "text": [
      "Percentage of 1st class pas:  24.24\n"
     ]
    }
   ],
   "source": [
    "pclass_count=data.groupby('Pclass').size()\n",
    "per_of_fclass=pclass_count[1]/pclass_count.sum()\n",
    "print(\"Percentage of 1st class pas: \",round(per_of_fclass*100,2))"
   ]
  },
  {
   "cell_type": "code",
   "execution_count": 110,
   "metadata": {
    "collapsed": false
   },
   "outputs": [
    {
     "name": "stdout",
     "output_type": "stream",
     "text": [
      "Mean: 29.69912\n",
      "Mode: 28.00000\n"
     ]
    }
   ],
   "source": [
    "age_val=data['Age']\n",
    "mean_age=data['Age'].mean()\n",
    "median_age=data['Age'].median()\n",
    "print(\"Mean: {0:.5f}\".format(mean_age))\n",
    "print(\"Mode: {0:.5f}\".format(median_age))"
   ]
  },
  {
   "cell_type": "code",
   "execution_count": 59,
   "metadata": {
    "collapsed": false
   },
   "outputs": [
    {
     "data": {
      "text/html": [
       "<div>\n",
       "<table border=\"1\" class=\"dataframe\">\n",
       "  <thead>\n",
       "    <tr style=\"text-align: right;\">\n",
       "      <th></th>\n",
       "      <th>Survived</th>\n",
       "      <th>Pclass</th>\n",
       "      <th>Age</th>\n",
       "      <th>SibSp</th>\n",
       "      <th>Parch</th>\n",
       "      <th>Fare</th>\n",
       "    </tr>\n",
       "  </thead>\n",
       "  <tbody>\n",
       "    <tr>\n",
       "      <th>Survived</th>\n",
       "      <td>1.000000</td>\n",
       "      <td>-0.338481</td>\n",
       "      <td>-0.077221</td>\n",
       "      <td>-0.035322</td>\n",
       "      <td>0.081629</td>\n",
       "      <td>0.257307</td>\n",
       "    </tr>\n",
       "    <tr>\n",
       "      <th>Pclass</th>\n",
       "      <td>-0.338481</td>\n",
       "      <td>1.000000</td>\n",
       "      <td>-0.369226</td>\n",
       "      <td>0.083081</td>\n",
       "      <td>0.018443</td>\n",
       "      <td>-0.549500</td>\n",
       "    </tr>\n",
       "    <tr>\n",
       "      <th>Age</th>\n",
       "      <td>-0.077221</td>\n",
       "      <td>-0.369226</td>\n",
       "      <td>1.000000</td>\n",
       "      <td>-0.308247</td>\n",
       "      <td>-0.189119</td>\n",
       "      <td>0.096067</td>\n",
       "    </tr>\n",
       "    <tr>\n",
       "      <th>SibSp</th>\n",
       "      <td>-0.035322</td>\n",
       "      <td>0.083081</td>\n",
       "      <td>-0.308247</td>\n",
       "      <td>1.000000</td>\n",
       "      <td>0.414838</td>\n",
       "      <td>0.159651</td>\n",
       "    </tr>\n",
       "    <tr>\n",
       "      <th>Parch</th>\n",
       "      <td>0.081629</td>\n",
       "      <td>0.018443</td>\n",
       "      <td>-0.189119</td>\n",
       "      <td>0.414838</td>\n",
       "      <td>1.000000</td>\n",
       "      <td>0.216225</td>\n",
       "    </tr>\n",
       "    <tr>\n",
       "      <th>Fare</th>\n",
       "      <td>0.257307</td>\n",
       "      <td>-0.549500</td>\n",
       "      <td>0.096067</td>\n",
       "      <td>0.159651</td>\n",
       "      <td>0.216225</td>\n",
       "      <td>1.000000</td>\n",
       "    </tr>\n",
       "  </tbody>\n",
       "</table>\n",
       "</div>"
      ],
      "text/plain": [
       "          Survived    Pclass       Age     SibSp     Parch      Fare\n",
       "Survived  1.000000 -0.338481 -0.077221 -0.035322  0.081629  0.257307\n",
       "Pclass   -0.338481  1.000000 -0.369226  0.083081  0.018443 -0.549500\n",
       "Age      -0.077221 -0.369226  1.000000 -0.308247 -0.189119  0.096067\n",
       "SibSp    -0.035322  0.083081 -0.308247  1.000000  0.414838  0.159651\n",
       "Parch     0.081629  0.018443 -0.189119  0.414838  1.000000  0.216225\n",
       "Fare      0.257307 -0.549500  0.096067  0.159651  0.216225  1.000000"
      ]
     },
     "execution_count": 59,
     "metadata": {},
     "output_type": "execute_result"
    }
   ],
   "source": [
    "data.corr()"
   ]
  },
  {
   "cell_type": "code",
   "execution_count": 92,
   "metadata": {
    "collapsed": true
   },
   "outputs": [],
   "source": [
    "def name_proc(match):\n",
    "    if match:\n",
    "        sp_match=re.split(' ', match.group())\n",
    "        return sp_match[1]"
   ]
  },
  {
   "cell_type": "code",
   "execution_count": 103,
   "metadata": {
    "collapsed": false
   },
   "outputs": [
    {
     "data": {
      "text/plain": [
       "William     13\n",
       "Anna         9\n",
       "Mary         9\n",
       "John         6\n",
       "Margaret     6\n",
       "dtype: int64"
      ]
     },
     "execution_count": 103,
     "metadata": {},
     "output_type": "execute_result"
    }
   ],
   "source": [
    "names=data['Name']\n",
    "nnames=np.array(names)\n",
    "fem_names=np.array([name_proc(re.search('(Mrs.|Miss.) ([A-z][a-z]*)',x)) for x in nnames])\n",
    "fem_names=pd.Series([x for x in fem_names if x is not None]).value_counts()\n",
    "fem_names.head()"
   ]
  },
  {
   "cell_type": "code",
   "execution_count": null,
   "metadata": {
    "collapsed": true
   },
   "outputs": [],
   "source": []
  }
 ],
 "metadata": {
  "kernelspec": {
   "display_name": "Python 3",
   "language": "python",
   "name": "python3"
  },
  "language_info": {
   "codemirror_mode": {
    "name": "ipython",
    "version": 3
   },
   "file_extension": ".py",
   "mimetype": "text/x-python",
   "name": "python",
   "nbconvert_exporter": "python",
   "pygments_lexer": "ipython3",
   "version": "3.6.0"
  }
 },
 "nbformat": 4,
 "nbformat_minor": 2
}
